{"name":"087 - Chokudai's Demand（★5）","group":"AtCoder - 競プロ典型 90 問","url":"https://atcoder.jp/contests/typical90/tasks/typical90_ci","interactive":false,"memoryLimit":1024,"timeLimit":2000,"tests":[{"input":"3 4 2\n0 3 -1\n3 0 5\n-1 5 0\n","output":"3\n","id":1716943435482},{"input":"3 10 2\n0 -1 10\n-1 0 1\n10 1 0\n","output":"Infinity\n","id":1716943435477},{"input":"13 777 77\n0 425 886 764 736 -1 692 660 -1 316 424 490 423\n425 0 -1 473 -1 311 -1 -1 903 941 386 521 486\n886 -1 0 605 519 473 775 467 677 769 690 483 501\n764 473 605 0 424 454 474 408 421 530 756 568 685\n736 -1 519 424 0 -1 804 598 911 731 837 459 610\n-1 311 473 454 -1 0 479 613 880 -1 393 875 334\n692 -1 775 474 804 479 0 579 -1 -1 575 985 603\n660 -1 467 408 598 613 579 0 456 378 887 -1 372\n-1 903 677 421 911 880 -1 456 0 859 701 476 370\n316 941 769 530 731 -1 -1 378 859 0 800 870 740\n424 386 690 756 837 393 575 887 701 800 0 -1 304\n490 521 483 568 459 875 985 -1 476 870 -1 0 716\n423 486 501 685 610 334 603 372 370 740 304 716 0\n","output":"42\n","id":1716943435469},{"id":1716944757064,"input":"3 3 4\n0 -1 -1\n-1 0 -1\n-1 -1 0","output":""}],"testType":"single","input":{"type":"stdin"},"output":{"type":"stdout"},"languages":{"java":{"mainClass":"Main","taskClass":"ChokudaisDemand5"}},"batch":{"id":"fe94da3d-904e-4ad8-9cb4-c99151ddcaff","size":1},"srcPath":"/home/justinshao/competitive_programming/practice/087_Chokudai_s_Demand_5.cpp"}